Lernmaterial/Dateien/data/dgm-1000m.asc
ncols 643
nrows 866
xllcorner 279500
yllcorner 5235500
cellsize 1000
nodata_value -9999
[rows 384 to 415 of 866, columns 511 to 583 of 643]
86.68 87.23 87.04 86.87 87.35 88.17 87.21 87.33 86.83 86.23 86.75 85.22 85.26 85.98 85.59 86.53 89.65 93.65 109.28 113.37 115.98 118.84 128.63 129.54 130.69 122.69 108.71 98.95 98.68 98.615 95.137 92.388 92.578 94.848 96.734 94.718 102.113 115.427 115.058 113.231 125.189 130.055 109.601 140.652 137.81 131.148 111.152 123.107 122.333 107 97.44 94.95 101.91 111.71 99.98 100.12 99.15 98.87 103.67 98.87 108.73 105.13 105.65 106.42 99.61 107.7 109.75 112.57 110.75 111.9 107.67 116.59 114.93
88.02 87.82 88.33 87.21 87.31 87.62 88 87.44 86.88 86.19 86.92 86.91 85.89 85.42 86.29 86.59 87.61 94.5 97.34 100.79 121.12 112.1 110.97 119.36 123.42 142.65 109.11 98.4 96.55 96.863 95.101 96.572 95.039 92.589 93.806 92.388 94.465 103.937 105.676 122.338 115.716 108.493 102.642 102.953 123.138 124.128 128.064 120.662 102.15 104.28 98.63 111.52 102.37 98.56 99.59 102.67 100.66 98.88 98.87 111.08 79.06 110.58 107.41 116.23 112.69 108.69 108.28 112.14 109.27 112.44 112.09 112.97 114.72
86.46 86.51 86.47 88.51 87.35 86.83 88.68 88.14 87.74 87.45 86.57 86.29 86.84 86.02 86.64 86.79 88.74 93.38 92.44 99.17 100.89 104.25 116.01 129.7 133.52 140.35 135.53 130.13 101 95.527 113.002 99.388 92.562 92.874 92.636 93.579 93.469 95.243 96.424 99.31 97.06 100.073 103.355 97.603 98.915 96.735 99.354 100.973 102.636 102.67 102.1 99.61 98.25 98.74 99.7 98.87 98.87 101.96 103.74 110.62 121.61 116.87 108.87 108.13 116.92 109.56 113.27 114.31 105.06 109.99 112.51 113.73 114.17
87.17 87.6 86.33 88.81 87.51 86.92 88.38 88.51 88.14 87.75 88 86.73 87.51 86.81 87.77 88.8 86.66 90.92 98.14 103.68 109.94 128.01 139.46 115.23 119.27 114.32 121.84 130.52 131.49 115.39 107.148 119.895 106.658 93.708 94.555 93.83 93.631 93.991 95.836 93.904 95.185 98.751 96.776 96.111 97.92 96.413 98.179 98.952 100.357 99.05 100 98.11 97.72 97.55 99.97 100.69 103.01 103.61 105.9 109.25 114.24 115.87 107.82 107.68 114.55 114.37 113.84 117.31 113.56 117.82 113.51 114.31 115.53
85.71 87.08 87.05 88.17 89.24 88.73 89.22 89.07 89.14 88.53 88.33 87.91 87.32 88.22 87.57 87.41 87.27 90.02 88.64 93.05 108.93 128.96 140.73 104.48 105.07 101.02 106.67 119.45 123.91 141.128 112.912 97.698 100.347 91.679 91.829 92.744 93.506 93.356 94.448 94.094 95.854 96.676 96.251 95.24 95.133 95.515 95.909 96.888 96.958 97.4 97.68 98.48 98.11 99.26 100.17 102.03 104.53 108.13 107.05 116.42 115.78 118.1 125.51 122.76 122.24 132.81 132.5 115.55 118.35 122.14 118.57 114.61 115.15
86.35 85.76 86.7 89.88 89.04 89.27 88.62 89.49 89.46 88.7 88.67 88.62 87.95 89.83 88.8 90.11 90.37 89.36 89.77 87.95 89.34 90.76 103.39 93.72 107.32 92.18 93.96 96.22 98.34 99.67 94.568 92.637 91.389 91.881 91.586 91.981 92.487 92.608 93.352 93.611 94.128 95.059 96.665 95.912 96.715 95.814 97.356 98.661 96.049 98.01 98.04 99.22 98.67 100.33 101.26 103.6 107.84 111.14 116.03 118.67 132.48 130.34 125.87 127.69 127.19 119.46 117.45 118.91 120.34 120.53 119.06 116.65 116
86.93 88.7 88.2 90.69 90.23 90.23 89.46 90.11 88.42 90.16 87.97 87.64 88.66 88.32 88.81 90.7 89.56 89.74 89.74 89.14 88.81 89.64 91.29 90.84 91.08 90.34 90.05 89.79 89.92 90.436 90.92 92.013 90.983 90.952 91.736 91.75 92.395 92.529 92.813 93.579 94.199 95.278 95.401 97.36 97.163 97.765 98.977 98.779 99.528 99.4 100.91 101.33 100.85 101.63 104.37 106.17 108.48 110.45 120.06 137.69 133.17 148.58 137.1 130.16 146.53 119.48 121.21 140.12 128.1 123.53 123.37 124.22 119.23
86.59 87.47 87.92 89.58 89.89 91.23 90.76 90.21 88.58 89.59 88.33 88.14 87.94 88.41 90.87 89.81 89.73 90.8 91.04 90.45 89.38 89.23 89.63 88.04 91.53 89.97 89.78 89.82 89.93 90.246 90.141 90.363 91.805 92.02 92.214 91.75 92.479 92.712 93.276 94.534 95.231 95.326 98.096 99.276 99.894 100.159 101.068 101.202 101.47 101.91 102.15 103.26 107.05 117.65 109.96 114.21 123.46 124.25 133.25 136.5 163.48 141.16 130.7 124.65 122.98 125.82 138.86 131.24 137.51 134 139.99 138.72 130.32
84.16 85.35 87.27 91.51 90.27 89.59 90.77 90.94 90.17 90.29 90.11 88.32 88.7 90.31 91.59 90.65 90.9 91.23 91.33 91.5 90.73 91.04 90.3 90.65 91.15 90.88 89.97 90.48 90.7 90.577 90.805 91.217 91.781 91.904 91.844 93.065 92.933 93.478 94.274 94.953 96.519 98.031 100.304 100.226 101.543 102.687 102.742 103.5 103.204 103.39 105.03 107.01 109.91 111.9 124.5 117.68 130.56 132.55 141.37 144.54 152.82 142.94 132.12 125.31 127.37 132.07 138.27 142.41 144.93 139.46 132.17 123.48 118.47
89.84 87.4 88.78 92.75 91.84 86.99 91.18 90.99 90.96 90.6 91.17 89.86 91.62 91 91.22 92.29 91.74 92.5 92 92.06 90.97 91.19 91.38 90.72 91.02 90.54 90.53 90.42 90.56 91.1 91.102 91.853 91.542 92.037 92.34 92.412 93.707 94.125 95.595 96.344 97.176 99.471 100.624 102.873 103.03 104.444 105.082 105.616 105.759 105.87 108.75 113.2 123.17 122.2 125.67 133.47 131.83 133.96 138.12 141.52 148.61 138.64 130.15 132.01 136.57 143.56 149.62 150 146.23 127 121.67 119.57 119
88.53 90.39 89.19 91.41 92.03 86.97 92.68 90.87 92.18 91.11 91.84 91.75 90.84 90.71 91.94 92.16 92.26 92.18 91.89 92.31 92.24 92.83 91.95 90.77 90.66 89.95 90.55 89.93 90.93 92.14 91.336 92.021 92.092 91.749 92.506 93.524 93.632 94.4 94.951 96.034 97.448 100.618 100.99 104.793 105.648 106.663 106.734 108.655 107.851 108.3 124.17 129.18 130.09 129.18 130.12 130.79 134.69 133.9 144.49 138.43 138.91 136.51 133.83 138.93 149.85 152.98 162.61 160 134.45 123.4 121.39 119.58 119.56
89.97 89.54 87.25 89.53 89.9 90.31 92.67 92.41 92.48 91.86 92.01 91.47 92.17 91.22 92.82 92.9 93.59 92.91 92.71 93.04 94.39 93.25 92.9 91.16 90.97 90.39 90.2 90.44 91.53 90.946 91.622 91.748 91.777 92.023 93.045 92.881 94.059 94.728 95.431 98.65 98.399 101.173 103.017 106.205 108.516 109.069 108.041 109.745 110.598 112.26 115.82 133.23 133.88 127.81 126.6 129.44 128.93 130.72 131.14 132.11 134.69 137.41 145.22 157.57 157.76 163.43 172.96 143.91 128.37 122.85 120.48 119.76 120.28
88.33 88.57 87.3 89.92 91.15 89.99 93.25 92.32 92.71 93.31 91.99 93.21 94.61 92.1 92.82 95.07 93.84 93.56 95.15 95.53 94.25 95.5 94.02 92.2 93.11 91.47 94.33 94.49 93.57 92.155 91.755 91.957 92.031 92.346 93.188 93.403 94.299 95.824 97.988 100.216 102.611 104.048 105.698 108.51 110.569 112.475 112.05 112.627 112.649 113.01 116.59 127.26 128.15 122.73 129.87 126.16 128.04 131.21 131.64 136.06 135.85 140.56 157.61 162.51 156.43 160.55 172.62 149.1 124.33 122.34 122.22 124.94 129.09
89.64 91.76 89.59 91.27 91.08 90.86 94.01 92.92 93.73 91.9 92.93 92.68 93.38 92.82 93.37 94.59 94.07 94.22 96 95.65 95.27 95.95 99.18 109.54 114.37 124.85 151.78 150.65 116.02 98.005 94.66 91.976 92.36 92.628 93.499 93.321 94.495 96.028 97.77 99.939 102.099 105.091 107.734 109.561 112.799 114.445 116.221 112.91 115.293 124.32 130.01 123.14 124.37 129.12 136.7 139.21 132.39 135.82 135.42 134.78 137.17 140.63 147.82 153.62 168.6 184.9 169.94 131.83 129.31 135.59 137.33 137.09 140.23
89.47 90.29 89.82 91.2 90.77 93.62 91.88 94.57 94.04 93.89 94.71 93.62 94.22 94.13 94.79 95.11 95.03 95.99 95.86 97.22 97.17 99.41 103.33 113.64 124.09 133.8 148.02 172.16 170.16 124.036 104.607 97.342 96.515 97.709 98.22 94.667 94.966 99.432 98.764 100.68 102.996 106.596 107.797 113.439 117.044 120.76 118.541 118.071 114.46 116.49 119.99 126.24 123.96 128.15 133.07 143.59 134.25 139.27 140.16 141.89 138.93 146.95 152.01 162.33 173.24 173.46 162.64 160.55 127.55 166.7 156.09 138.22 136.26
97.77 90.38 90.09 92.57 91.54 98.21 94.16 94.19 95.22 94.9 95.35 94.98 92.96 94.51 94.52 95.08 95.06 96.07 96.82 97.78 98.81 101.04 107.71 110.11 121.43 131.37 139.16 168.06 171.26 154.06 145.247 138.13 128.318 125.87 108.02 128.24 134.143 122.584 121.38 117.69 115.34 110.13 110.43 116.958 115.02 123.338 119.08 126.992 120.885 121.3 124.74 132.89 129.39 128.61 129 129.06 132.23 136.15 143.9 147.61 145.37 143.39 147.03 152.76 163.35 163.98 168.28 150.83 158.34 165.31 152.57 139.19 132.56
110.68 92.63 92.88 92.49 90.96 88.62 97.52 95.48 95.39 93.62 96.11 95.96 96.4 95.93 94.42 94.84 95.13 98.9 103.81 97.85 99.13 99.67 101.04 109.03 111.81 120.99 125.84 138.01 141.44 135.66 133.51 144.03 159.11 127.714 127.366 138.548 183.006 164.24 198.01 149.11 120.759 118.92 112.106 127.914 124.324 120.5 123.49 127.14 132.13 131.73 131.24 139.51 142.42 133.89 138.93 133.04 133.17 135.01 141.53 144.91 141.59 144.24 150.31 159.82 154.68 147.86 154.01 145.39 142.15 142.89 138.92 135.21 132.57
103.09 115.6 107.69 92.3 90.89 89.03 93.98 95.41 93.36 96.54 95.5 97.66 96.99 96.58 97.17 96.98 96.33 105.77 110.77 108.02 99.83 101.25 102.07 109.38 110.43 115.5 120.9 123.01 130.21 126.22 127.42 143.02 144.46 138.89 141.9 151.63 167.56 174.69 160.22 141.04 126.41 142.33 138.17 129.16 123.72 129.25 131.22 123.87 125.14 133.28 139.49 143.38 145.33 137.99 139.03 136.43 135.16 138.37 140.37 143.24 146.24 148.18 154.99 151.89 146.52 144.31 163.3 141.51 140.32 138.05 137.9 136.38 135.57
112.53 113.48 124.87 114.29 92.07 93.19 93.14 94.23 95.42 96.75 97.01 97.28 98.15 98.36 97.86 96.96 96.68 111.81 114.49 111.66 111.88 101.85 102.64 107.99 108.53 114.56 116.73 125.01 124.48 120.21 123.74 140.37 144 153.8 151.18 150.53 154.12 168.6 145.56 129.88 137.01 139.34 131.85 130.67 133.87 138.05 130.64 127.55 131.61 128.15 139.69 139.7 142.02 140.35 140.96 140.76 139.91 148.13 142.77 149.9 148.92 146.76 150.87 150.99 146.91 147.04 144.24 143.21 142.16 140.7 139.35 140.07 137.48
118.84 118.35 123.01 122.26 92.83 93.34 93.26 93.36 94.97 95.49 97.9 99.31 98.64 98.27 98.22 97.81 97 111.49 108.31 110.37 108.22 103.7 103.68 114.11 111.53 114.55 115.08 120.16 121.37 120.83 126.75 140.24 145.24 148.43 150.89 164.9 162.08 167.48 172.71 162.28 162.53 158.89 139.38 140.97 136.64 138.27 137.48 131.45 133.21 133.96 132.61 137.3 142.93 145.08 147.32 154.15 148.57 157.42 153.79 152.3 154.41 154.06 155.28 158.96 161.2 169.29 148.05 144.02 147.27 144.31 142.44 140.24 138.51
126.53 123.9 109.94 110.75 96.52 94.99 92.67 90.68 95.22 90 95.34 99.36 99.47 100.07 98.68 98.42 114.27 113.67 116.9 116.24 117.95 105.08 105.26 111.25 109.92 117.4 113.94 113.69 121.52 123.93 125.41 134.21 138.87 141.46 171.41 170.83 156.45 164.13 163.01 177.59 191.77 168.52 167.36 162.75 154.16 146.67 140.38 136.02 135.47 137.7 141.51 144.19 150.82 161.68 157.07 150.28 159.22 167.15 170.54 168.46 164.78 161.11 166.11 169.24 175.89 181.17 148 145.88 147.41 146.03 142.09 142.52 142.34
129.07 118.72 107.38 107.89 98.29 95.64 92.69 94.28 91.18 95.26 95.4 95.23 99.22 100.43 98.68 106.74 125.88 118.7 116.92 120.36 118.78 105.54 110.21 116.52 117 119.11 115.9 121.25 125.96 126.52 130.32 136.06 136.04 139.73 146.55 154.93 149.51 147.59 155.11 164.17 167.15 167.12 178.39 181.79 184.78 164.18 169.46 148.08 139.95 143.19 142.77 140.65 149.51 160.16 158.27 151.07 167.62 183.36 198.72 189.97 203.53 188.72 177.65 171.94 168.05 154.23 149.26 145.45 150.03 152.74 147.77 147.26 144.97
130.18 117.75 121.42 115.29 115.06 107.27 112.24 95.08 91.46 94.18 98.57 96.29 98.92 100.03 100.22 120.65 124.19 125.42 123.77 121.56 118.04 106.82 108.6 109.4 111.51 114.47 123.15 118.64 121.04 126 131.84 139.08 133.79 134.35 142.19 158.91 146.97 161.41 147 156.49 154.1 164.69 166.57 176.55 179.54 183.45 166.41 138.92 158.39 156.84 151.62 149.33 159.34 156.8 161.79 161.24 178.95 207.39 188.31 189.3 202.8 194.66 195.53 183.83 160.73 153.59 153.68 148.35 151.41 151.59 156.78 155.41 154.38
128.58 123.27 123.21 117.89 109.51 110.09 101.56 95.58 91.74 95 95.29 96.38 98.14 96.66 99.84 106.87 126.38 127.05 125.79 119.95 115.67 108.05 107.87 114.26 116.79 118.75 124.66 123.13 123.01 124.73 127.83 135.13 133.65 136.1 142.14 142.05 139.23 143.48 148.14 154.92 147.97 154.87 161.95 168.19 186.44 182.57 157.03 146.77 142.49 186.76 180.33 157.73 154.7 157.91 163.68 174.13 164.94 193.82 190.89 183.02 192.68 181.5 167.01 165.18 165.51 160.32 152.72 159.97 154.9 155.96 167.85 172.09 184.62
109.92 106.02 104.65 103.08 103.08 106.15 106.08 107.17 106.2 96.54 94.78 92.95 95.46 99.47 96.86 100.58 112.34 130.51 121.01 118.32 118.64 110.62 111.89 117.21 117.85 121.83 121.57 125.97 118.59 119.86 123.18 129.32 124.87 128.67 134.56 129.92 131.84 134.42 145.72 144.58 157.86 155.51 163.65 170.31 174.5 189.79 163.67 156.41 162.91 167.47 172.57 159 165.76 173.39 174.24 179.16 177.11 182.21 199.38 243.51 190.76 190.58 220.98 206.35 198.31 161.32 165.93 165.77 158.8 184.05 192.25 181.11 159.48
108.24 116.94 122.77 115.95 124.45 133.28 129.39 124.54 118.03 117.26 104.6 96.93 96.76 96.54 95.91 101.84 119.8 120.29 120.29 129.13 121.66 117.63 119.15 114.55 114.46 121.85 116.55 116.95 118.21 120.13 121.73 123.18 123.46 125.47 125.72 127.96 129.63 132.43 134.16 147.58 158.16 150.62 172.63 162.17 167.11 170.94 174.38 157.7 170.28 149.27 163.47 183.42 210.3 213.5 224.61 212.91 180.92 192.43 227.04 228.04 208.16 218.2 214.98 275.06 202.04 168.66 172.55 183.3 167.19 183.12 187.03 189.63 166.78
125.86 132.5 127.12 125.34 137.45 163.94 129.67 116.86 117.8 101.7 99.85 109.39 100.82 101.19 100.21 96.94 104.6 113.94 115.93 125.06 131.83 126.13 116.35 120.39 124.48 131.97 143.3 120.9 122.17 127.65 121.4 127.32 125.42 126.65 128.04 129.07 129.53 138.69 140.84 143.95 150.67 156.45 159.86 157.7 159.15 168.15 170.95 159.8 168.36 166.81 157.69 183.56 185.89 221.92 208.15 210.7 194.37 222.2 263.29 239.62 242.43 324.7 218.67 211.54 190.36 189.32 179.59 205.16 184.83 176.47 189.63 191.28 178.53
141.68 140.58 136.29 143.7 136.5 137.16 125.68 120.11 104.1 120.42 119.7 122.26 108.72 101.96 100.85 101.84 94.77 119.91 121.13 124.56 131.93 142.54 133.58 125.96 128.2 119.02 136.18 125.66 141.2 144.75 135.2 126.53 127.53 129.85 132.23 130.24 132.11 133.74 138.24 143.46 143.46 163.55 164.46 166.18 172.88 167.12 164.41 166.84 170.71 175.68 182.87 185.76 196.2 199.16 197.2 207.36 210.2 208.06 227.65 238.75 243.7 259.23 242.97 221.94 244.42 255.47 192.92 186.98 195 194.53 175.44 189.96 186.5
147.15 148.36 145.78 134.77 129.36 115.38 120.39 106.32 107.88 128.51 128.18 131.27 126.65 106.49 100.58 102.58 97.46 116.34 110.78 130.27 130.9 144 141.92 132.16 139.9 123.23 142.53 131.07 145.43 153.84 138.38 135.29 133.2 130.99 131.82 133.79 132.94 135.65 141.85 146.29 143.54 151.7 157.61 164.46 169.88 174.14 174.78 174.18 183.24 180.3 185.1 207.85 198.58 203.4 211.37 203.93 208.26 214.84 213.14 214.1 225.91 238.05 258.47 267.03 242.96 232.41 218.43 193.14 198.39 195.33 181.58 185.31 169.3
133.72 131.98 133.64 137.07 121.52 110.77 109.26 127.15 124.29 127.34 111.56 130.28 130.61 132.47 128.4 113.87 97.72 104.08 118.31 128.28 151.54 153.35 147.38 150.02 145.29 143.89 123.32 128.56 138.65 145.34 159.29 162.33 158.36 141.79 139.44 134.41 137.4 137.92 143.07 150.38 154.49 149.38 154.16 162.66 163.95 168.74 173.55 183.49 213.02 188.84 191.77 212.21 202.08 216.85 218.19 231.83 237.48 236.85 246.74 259.47 219.62 221.69 246.38 309.36 350.99 303.04 220.6 206.65 210.71 199.09 195.93 193.03 190.16
135.74 124.81 124.49 124.08 114.59 115.31 127.79 138.81 139.47 132.99 114.77 133.85 142.14 136.41 127.78 133.6 111.77 108.28 141.02 152.3 183.45 189.55 179.9 164.26 147.42 132.73 127.79 127.6 140.28 149.82 147.87 152.55 175.87 159.48 145.64 141.2 142.74 138.83 147.81 149.94 155.1 154.47 155.87 162.74 172.44 169.49 185.03 210.8 188.31 183.37 187.05 191.73 209.1 214.29 248.56 342.97 273.47 265.77 286.39 265.69 227.11 235.99 233.36 267.37 307.06 335.88 251.11 217.54 197.66 205.59 207.79 219.47 190.03
144.39 133.92 121.13 119.53 124.05 121.57 120.51 123.88 138.11 143.41 139.06 130.99 124.71 135.61 142.09 140.49 137.71 98.93 157.59 174.66 184.69 206.77 210.4 184.1 164.45 144.65 144.66 138.53 151.29 164.58 163.63 155.83 178.08 168.88 150.52 164.91 189.11 145.95 142.95 145.82 148.9 152.45 167.91 185.67 175.98 194.32 193.43 211 180.54 180.64 185.81 193.1 200.89 226.11 245.7 373.7 293.01 258.27 258.03 281 254.49 253.68 255.9 242.39 273.22 374.62 308.37 215.98 212.83 229.06 233.31 249.94 217.08
