Lernmaterial/Dateien/data/dgm-1000m.asc
ncols 643
nrows 866
xllcorner 279500
yllcorner 5235500
cellsize 1000
nodata_value -9999
[rows 704 to 735 of 866, columns 219 to 291 of 643]
448.66 466.24 460.83 488.18 506.89 506.85 511.51 488.5 455.6 439.27 427.66 421.68 418.83 428.86 426.26 434.52 399.54 394.68 421.1 405.98 391.14 399.43 372.51 361.23 318.63 243.41 242.94 243.61 246.94 266.75 290.4 344.44 435.91 318.24 401.45 311.23 414.81 364.45 371.39 385.89 381.88 366.51 329.76 386.94 370.75 366.93 355.53 381.51 342.01 336.66 336.53 366.98 405.5 428.29 411.22 367.25 393.3 429.57 546.05 423.97 554.76 512.46 584.65 574.84 577.51 652.76 514.97 579.63 736.01 688.86 671.74 662.9 658.96
437.26 460.02 457.37 510.36 512.59 478.13 498.83 520.64 504.24 441.14 423.25 414.01 408.44 384.26 410.24 407.21 408.98 375.46 395.91 383.01 364.65 372.98 357.63 355.67 360.26 338.09 244.62 242.9 242.42 242.38 249.65 252.29 321.57 380.56 348.56 293.52 357.13 309.49 299.23 299.12 277.86 284.42 283.2 301.81 363.22 337.44 356.47 309.05 353.2 377.09 381.2 376.04 371.33 391.35 379.54 355.93 417.06 439.95 536.78 417.42 447.74 458.48 525.36 607.03 533.9 587.41 517.84 736.72 693.55 725 733.34 659.59 660.96
443.08 431.61 442.57 453.44 453.16 468.12 501.96 508.37 459.33 480.58 433.34 419.99 424.15 410.49 390.66 381.04 373.15 339.53 360.13 366.07 335.66 329.34 343.89 341.19 345.34 357.95 345.07 252.3 330 320.41 298.15 307.57 254.51 326.06 286.83 261.86 263.92 313.67 352.63 344.16 318.51 340.37 356.51 296.32 293.56 296.71 300.63 339.06 311.17 326.93 335.56 334.63 362.88 370.85 390.53 354.66 389.37 424.77 558.34 505.15 421.82 540.52 487.44 484.83 509.97 695.29 628.59 669.8 705.01 702.82 663.81 656.73 662.08
432.38 432.02 463.13 452.81 490.54 493.61 490.79 460.31 452.13 416.24 461.07 437.09 423.45 408.28 405.91 386.99 376.87 373.87 374.4 361.82 360.79 345.31 346.2 292.66 334.22 338.48 261.33 330.08 332.52 342.71 337.39 255.23 296.96 299.44 315.62 289.74 346.93 355.84 358.74 358.5 365.77 378.88 382.82 308.34 348.07 367.92 348.48 347.64 369.93 322.68 321.53 326.33 332.02 335.87 343.4 355.78 384.92 501.15 424.69 473.09 403.42 414.04 476.87 514.11 667.58 672.02 653.6 640.53 704.85 712.48 697.8 679.11 629.23
426.09 429.92 463.3 509.15 501.67 482.22 488.76 472.36 470.54 448.5 430.09 447.33 426.08 424.44 423.5 405.66 389.93 376.49 365.12 347.38 341.23 334.54 334.59 327.6 315.79 277.3 322.46 316.61 311.29 256.46 254.7 290.3 272.58 344.25 335.01 304.51 298.75 332.34 340.5 381.56 378.95 374.44 368.03 325.06 364.58 370.2 358.84 333.77 374.51 397.43 381.54 357.64 345.21 355.19 346.49 349.25 359.38 387.63 380.47 383.76 394.11 414.96 639.16 682.27 677.3 652.48 640.56 664.11 669.73 690.34 674.88 687.43 651.38
433.93 442.19 443.34 453.87 478.1 491.28 488.8 430.16 497.28 436.01 429.61 481.09 473.14 404.89 401.68 388.87 387.17 373.71 366.13 350.23 330.3 322.47 321.77 310.2 328.57 340.97 317.04 303.02 268.25 268.9 292.46 309.08 305.19 290.24 360.59 354.48 317.38 322.16 351.07 379.99 377.73 372.01 361.02 354.24 342.58 373.35 359.24 346.24 344.65 390.76 368.33 385.11 346.16 380.75 391.94 387.27 361.5 362.66 389.14 414.42 444.23 456.76 502.23 688.04 661.21 654.75 618.22 674.62 669.84 662.6 660.51 660.82 640.01
458.76 475.57 457.6 486.29 481.54 495.62 454.74 412.82 463.19 468.01 461.66 408.67 424.12 459.42 402.36 389.78 382.21 365.02 373.54 367.89 361.77 369.26 360.9 372.96 362.29 318.41 315.83 279.04 263.02 267.8 271.21 302.4 332.22 300.35 309.68 322.71 358.83 348 334.79 348.41 355.73 385.24 384.22 371.04 353.61 369.99 366.12 350.87 399.34 384.93 370.86 368.78 358.81 378.96 395.89 393.81 384.39 370.37 369.9 449.83 448.79 531.3 523.65 653.58 686.58 694.47 636.47 537.87 672.55 655.31 653.92 653.9 592.74
478.78 482.61 480.38 467.42 456.77 453.38 435.38 429.63 434.94 405.62 446.62 445.88 388.34 436.08 466.64 408.69 390.79 391.12 401.68 410.28 412.56 410.17 396.63 395.99 358.73 341.19 314.81 272.19 280.01 287.7 319.77 287.29 309.26 366.69 355.33 380.14 375.61 369.42 366.45 390.39 385.7 371.37 391.89 378.06 385.64 381.18 387.47 359.79 398.09 382.38 377.2 383.88 390.94 391.47 437.25 445.02 428.05 434.29 381.16 389.54 570.52 676.65 671.11 653.13 696.97 720.01 642.38 637.89 661.08 659.85 660.68 666.25 648.58
478.82 504.71 506.34 439.68 429.56 427.45 434.82 411.18 406.95 431.57 440.77 454.9 414.44 408.9 431.59 469.22 394.48 394.38 418.57 426.12 413.21 394.53 371.89 382.28 385.72 344 311.6 270.61 269.4 326.22 347.47 321.73 298.75 297.69 303 316.11 344.9 394.96 401.65 387.71 384.26 385.48 388.56 391.64 378.98 403.75 399.63 380.27 393.66 389.71 394.13 430.97 490.83 418.02 444.78 517.15 525.43 474.71 412.64 387.32 474.17 668.82 626.63 644.28 640.86 662.43 647.9 528.37 598.98 656.84 661.32 656.66 638.75
448.64 472.74 486.54 475.76 426.1 415.81 436.72 435.99 413.27 363.84 398.35 381.7 453.94 375.44 423.64 440.97 421.64 386.91 425.69 397 388.61 386.2 364.46 384.4 369.28 325.14 342.72 268.89 295.42 304.43 336.79 347.16 335.64 322.73 314.88 316 320.68 330.36 336.84 340.45 348.33 356.44 383.44 397.74 419.02 400.84 413.27 406.28 420.25 424.83 449.35 492.02 553.83 486.42 576.35 511.43 594.85 583.27 488.19 427.16 401.48 695.93 625.89 546.51 630.85 493.98 603.29 632.16 660.73 659.68 649.09 658.31 672.92
492.99 484.3 474.34 437.2 477.33 441.15 488.03 465.33 414.3 399.64 390.18 343.25 340.87 358.95 370.54 395.07 462.59 355.48 393.06 376.68 351.8 355.11 326.34 311.27 341.17 273.18 283.31 278.06 314.82 358.84 333.36 307.65 352.45 354.99 346.6 326.22 339.22 342.83 347.12 357.69 370.76 385.99 408.29 529.08 426.49 422.24 442.93 504.29 466.28 491.74 512.82 615.49 673.9 603.35 644.57 738.11 708.53 538.42 699.64 507.5 414.39 404.41 666.12 454.3 488.16 546.81 630.34 667.81 670.34 668.3 640.79 621.67 642.76
485.75 482.59 501.53 506.2 462.88 488.12 443.86 433.67 414.36 400.1 395.56 402.36 391.42 416.72 459.23 362.52 324.07 374.12 369.99 343.29 307.63 302.94 360.61 368.01 349.05 306.3 290.59 302.65 330.19 360.75 347.45 349.53 341.58 348.27 363.28 342.35 352.33 347.11 380.35 357.26 379.23 380.05 407.67 538.27 512.97 468.93 587.51 605.51 610.99 618.34 704.47 687.72 740.4 703.28 544.57 630.3 568.05 502.91 705.14 723.68 473.27 444.54 424.3 436.27 645.18 679.41 629.2 654.81 684.4 654.67 653.7 612.83 644.58
504.61 498.4 511.72 496.2 483.74 448.02 434.87 488.18 478.52 478.31 477.83 489.54 480.91 487.29 449.21 431.08 335.43 378.69 343.63 331.61 368.13 308.84 281.38 278.99 278.88 324.22 309.95 301.98 329.79 320.63 346.12 408.77 427.97 372.39 357.24 347.84 365.67 369.66 376.09 385.03 377.9 391.78 456.13 477.6 591.96 606.74 558.39 645.16 710.56 666.99 685.94 594.18 620.7 676.29 737.13 513.78 620.02 485.87 733.56 722.34 546.33 426.92 664.98 460.29 650.02 671.52 655.11 673.33 683.03 644.03 621.18 628.3 616.06
551.61 525.11 509.85 508.14 508.14 500.27 435.97 428.65 397.84 419.95 449.8 451.08 428 430.93 408.7 339.1 404.71 437.76 416 387.56 289.51 282.58 284.22 335.66 326.53 361.32 333.53 309.37 333.6 308.93 346.22 444.48 469.2 444.07 357.71 383.86 378.09 388.62 395.15 395.97 429.86 409.79 425.92 454.48 573.35 792.52 659.3 690.05 620.88 722.78 733.23 569.91 723.04 576.59 739.77 478.71 468.81 463.83 478.35 698.46 436.79 603.36 645.02 483.58 667.18 690.38 649.38 658.58 667.26 687.25 673.96 658.52 620.88
526.37 567.97 556.8 502.02 454.99 508.03 479.41 473.03 437.21 430.73 373 371.43 440.01 433.62 403.38 441.83 431.85 368.2 348.33 291.07 285.66 342.46 300.72 325.51 342.33 346.3 345.17 311.2 340.31 397.38 328.82 365.53 444.15 413.76 372.9 457.58 531.27 430.72 432.5 427.61 432.63 419.55 442.68 511.76 576.29 731.04 735.11 742.8 592.43 754.25 739.3 633.46 720.17 572.72 489.36 500.25 716.31 633.37 707.26 469.07 467.28 667.23 700.53 490.01 618.74 629.72 656.03 640.07 695.65 677.4 653.02 681.13 656.72
476.33 538.08 566.19 521.16 446.71 456.66 454.87 499.99 504.55 504.29 499.94 487.65 464.39 430.29 419.78 418.62 421.45 416.71 291.15 341.5 370.5 358.44 346.5 315.76 366.87 359.48 362.01 320.06 332.03 429.01 400 411.62 366.03 447.9 379.69 477.12 598.51 449.62 525.18 528.84 515.29 446.37 465.33 597.55 607.69 748.23 749.75 688.86 608.18 555.2 601.84 719.2 521.43 501.61 718.27 732.67 783.99 722.91 592.77 705.78 538.91 683.4 666.17 664.59 643.02 577.66 617.99 639.96 654.03 681.41 658.17 643.65 644.51
492.55 512.18 455.71 521.62 451.68 443.81 429.14 484.1 444.86 474.97 463.6 414.2 438.05 432.96 422 405.16 395.17 376.35 294.32 303.41 315.91 356.93 360.72 360.47 330.98 358.46 343.89 367.7 335.38 421.53 432.3 447.26 417.58 442.19 398.51 487.98 719.24 506.59 790.5 800.04 563.23 555.83 484.59 487.32 507.14 765.78 663.34 742.33 741.43 625.53 533.52 524.17 529.56 542.9 731.88 730.54 762.66 736.13 724.18 702.9 689.21 671.38 626.86 609 620.63 614.92 588.22 638.64 665.35 662.03 679.79 661.16 631.11
511.83 520.24 539.47 499.75 487.41 444.22 387.35 452.63 437.07 479.18 454 447.27 387.64 420.06 394.03 412.69 378.19 354.77 293.06 386.35 324.65 340.51 338.7 385.83 366.82 377.62 416.71 361.98 419.66 392.78 414.38 451.39 603.71 530.67 509.57 459.97 502.87 705.37 636.84 776.41 707.24 750.8 563.39 504.83 756.76 754.09 767.97 663.95 640.85 606.79 713.85 549.45 760.37 758.77 748.57 733.87 735.56 713.13 705.77 697.53 685.46 663.43 665.76 680.05 643.97 595.65 582.45 597.28 607.48 639.94 683.67 672.23 640.89
500.25 483.67 477.25 466.2 465.24 464.82 390.66 450.75 410.1 462.92 459.69 434.23 428.09 351.85 389.11 423.82 382.73 317.8 321.32 362.84 350.95 331.5 353.56 387.52 397.83 390.97 422.45 427.75 420.82 427 460.12 488.58 581.43 711.85 516.27 423.3 485.54 745.13 780.74 759.25 784.32 645.48 529.36 741.49 782.67 692.62 597.49 590.47 815.45 758.04 728.85 612.26 747.4 761.44 755.92 724.91 748.28 726.12 703.5 686.2 680.61 667.72 686.94 669.35 654.91 642.6 634.97 567.5 644.58 642.16 652.55 650.11 646.39
483.28 497.32 445.26 397.63 443.21 433.05 344.38 376.97 451.95 442.79 452.44 429.76 367.2 377.12 367.02 303.03 300.66 315.55 357.88 380.97 355.98 328.85 343.13 383.61 482.05 459.64 530.87 454.38 414.61 428.3 669.33 714.46 719.19 690.9 707.61 476.3 495.79 642.24 796.46 760.76 800.64 808.84 730.84 781.11 758.69 731.21 735 802.13 791.34 734.34 769.52 783 746.64 770.11 762.67 748.2 729.56 713.55 697.03 682.07 673.38 688.71 695.91 670.24 678.76 653.07 640.76 594.13 628.46 637.95 677.99 646.37 654.93
461.67 474.17 459.11 454.04 495.87 483.47 450.59 424.48 452.44 417.19 380.56 429.32 337.81 301.71 347.42 334.53 342.13 305.92 370.91 371.79 355.56 338.02 347.79 391.33 457.77 452.43 517.69 561.33 509.41 440.49 473.92 717.84 719.36 712.97 695.9 616.22 459.96 560.8 737.62 751.9 757.23 788.14 757.53 714.48 688.08 639.32 683.43 794.46 756.02 774.13 812.34 781.37 742.29 775.65 758.08 745.13 713.57 706.65 694.6 686.72 689.45 698.79 711.32 704.01 677.7 614.08 633.47 592.15 636.01 574.98 638.94 642.26 586.84
453.14 414.14 449.13 450 401.44 468.91 381.06 380.26 389.11 314.06 314.23 362.21 351.58 372.6 394.01 343.09 378.48 368.81 355.2 388.23 369.65 357.19 346.84 361.04 443.15 412.45 429.46 459.95 569.11 642.39 538.8 698.68 708.75 704.57 688.36 692.88 694.9 506.18 677.09 596.59 604.23 779.3 721.37 810.01 744.37 827.91 811.29 814.57 829.62 775.01 780.8 751.08 744.6 757.12 751.15 727.09 714.66 704.26 693.78 690.56 684.7 707.29 717.37 687.17 650.85 645.78 625.54 633.31 609.56 556.58 585.55 569.88 592.25
394.65 443.09 395.34 426.98 430.23 379.65 330.64 324.25 313.72 372.52 393.78 367.8 380.9 411.57 400.32 368.94 369.14 387.93 339.14 369.62 385.06 377.5 364.05 367.99 376.24 392.75 406.09 400.63 461.23 491.51 621.12 722.12 700.05 704.5 694.02 725.08 692.31 620.49 620.89 532.41 783.66 769.26 767.62 848.06 817.26 833.22 838.96 813.92 788.62 766.79 742.08 740.18 783.61 727.81 738.22 710.96 703.55 699.99 691.43 693.95 680.24 705.94 726.43 707.02 683.15 652.07 650.3 652.58 600.59 601.62 573.88 566.4 581.08
343.29 340.72 340.05 334.55 345.6 320.38 329.61 316.36 342.36 430.65 410.38 408.99 318.36 406.58 400.62 377.6 394.95 397.74 355.92 401.08 408.88 419.44 462.51 424.08 416.57 479.39 705.11 432.68 437.61 661.74 707.82 710.68 669.01 596.9 646.25 702.32 554.94 655.93 630.76 777.29 717.75 799.17 831.58 795.11 831.01 808.83 777.79 823.94 763.76 789.83 776.88 771.32 738.24 734.29 725.56 711.62 703.41 704.85 704.39 689.1 689 693.05 705.33 689.48 705.42 652.15 642.11 638.91 622.4 613.56 596.95 575.52 552.49
388.19 416.18 451.75 415.94 321.76 324.34 328.23 343.32 384.04 423.81 403.59 393.24 376.59 357.17 381.04 385.75 403.88 393.33 405.2 412.8 452.58 508.31 468.25 465.79 448 773.65 735.44 546.63 422.17 493.94 720.5 602.61 662.5 648.51 616.41 700.1 706.37 735.96 770.25 798.05 786.78 855.06 791.43 833.24 812.32 830.76 801.84 776.24 766.28 752.47 781.93 785.69 744.52 731.48 715.94 708.56 690.73 696.86 682.3 664.08 668.82 706.46 704.74 674.4 687.55 683.04 638.14 626.72 625.14 578.43 567.23 572.27 592.79
332.73 330.63 326.55 324.88 324.19 330.08 369.04 415.34 430.3 408.09 388.05 377.08 377.38 367.03 349.37 365.41 379.74 388.41 447.94 510.92 528.66 529.11 516.96 672.81 479.92 797.97 784.36 771.84 536.48 437.73 683.84 651.41 482.13 646.49 589.83 705.67 737.22 730.83 755.42 771.78 813.36 820.03 798.77 824.84 833.92 826.7 826.75 749.93 769.24 737.86 744.22 763.26 748.51 730.28 721.85 717.46 710.96 705.16 697.66 687.45 646.63 709.47 686.19 686.7 707.21 648.66 636.65 633.4 600.83 620.95 611.94 582.54 594.33
332.09 327.1 327.06 327.78 342.6 415.33 344.38 413.14 438.53 417.16 391.27 379.05 372.55 359.26 370.8 361.61 373.94 382.76 415.34 577.79 475.42 504.78 572.06 744.29 751.75 764.35 769.85 656.1 621.31 623.44 529.2 555.43 600.38 678.95 751.52 748.03 747.98 756.42 750.46 749.85 805.58 857.89 811.02 776.08 796.52 782.34 781.23 791.93 818.72 769.24 793.79 779.95 750.52 739.13 724.44 720.39 726.74 707.82 706.44 669.53 662.87 666.24 677.51 674.7 644.89 637.68 637.51 628.88 628.08 617.33 614.02 608.08 604.44
334.71 339.99 348.4 371.79 416.56 458.4 348.51 392.82 432.99 415.56 410.14 421.97 380.55 397.47 371.84 403.2 385.25 411.84 402.98 485.18 462.74 535.97 749.53 757.37 756.83 759.53 748.67 762.43 677.22 618.5 652.18 514.42 711.42 681.92 768.93 732.76 757.71 775.42 780.31 740.62 793.89 829.49 826.97 860.38 826.77 805.89 798.85 798.13 771.44 740.62 730.75 772.44 775.82 743.48 724.84 725 694.53 694.14 679.71 697.8 661.9 644.77 650.94 655.8 645.11 644.42 628.4 624.74 625.62 606.18 607.59 613.15 609.38
358.62 347.9 442.07 413.28 449.4 441.3 392.24 429.46 391.08 405.38 419.22 437.92 432.14 414.05 394.67 400.82 422.35 480.55 413.15 445.2 442.13 513.24 574.05 712.97 705.3 743.66 753.68 774.94 746.06 763.06 728.35 570.9 640.07 703.72 756.05 732.16 735.3 708.54 743.59 743.88 750.66 801.02 823.55 851.75 821.46 760.12 763.06 756.8 766.1 770.47 752.96 731.37 735.07 746.23 724.83 726.44 733.2 697.08 700.04 676.09 665.95 632.96 633.14 649.9 648.53 643.64 629.98 615.3 614.35 606.63 597.3 603.47 596.63
446.03 359.58 415.07 473.97 447.37 389.38 402.51 396.47 436.83 420.45 429.12 478.06 469.59 468.89 428.59 465.21 535.26 463.97 439.68 552.2 517.33 497.6 590.04 769.01 705.84 701.76 724.21 759.81 726.79 769.58 718.61 711.96 590.72 707.74 736.3 714.79 639.2 723.28 745.03 760.57 827.77 805.38 835.71 814.48 852.81 819.83 809.93 809.25 794.16 741.52 747.63 742.94 731.51 731.64 747.96 749.38 721.82 697.56 681.72 673.1 665.07 646.35 560.67 640.99 646.6 636.73 626.08 620.21 595.04 608.64 585.49 592.14 599.55
447.64 369.25 486.1 465.39 444.31 396.2 395.09 389.02 432.85 427.82 452.31 494.71 535.21 512.68 499.52 515.45 494.68 445.27 446.04 549.45 562.48 703.35 756.33 767 708.99 720.75 715.6 754.47 796.31 733.04 722.23 722.01 675.55 686.9 705.15 713.05 629.99 802.56 778.08 755.27 836.24 798.65 809.41 823.27 860.18 792.94 831.66 803.51 768.21 778.75 738.87 779.8 752.92 756.21 752.74 734.29 704.4 691.84 669.82 671.18 655.65 642.21 642.42 554.23 629.27 637.93 633.5 606.34 606.05 602.73 582.07 583.65 591.33
458.91 431.25 423.41 443.79 417.89 383.91 421.65 403.93 413.56 446.89 510.22 526.6 505.36 525.84 495.81 501.17 489.95 552.13 566.4 464.97 522.06 662.6 614.2 716.28 715.1 751.79 696.24 757.99 703.47 692.97 701.75 729.43 716.73 703.13 692.14 598.44 748.63 800.05 786.81 770.68 786.78 781.63 829.97 827.27 804.79 780.63 789.08 822.9 813.56 789.03 778.59 756.44 747.81 756.29 754.33 721.13 708.12 693.13 685.2 670.23 673.63 661.87 659.63 644.74 644.4 519.28 620.76 605.72 529.64 576.71 582.95 539.13 579.97
