Lernmaterial/Dateien/data/dgm-1000m.asc
ncols 643
nrows 866
xllcorner 279500
yllcorner 5235500
cellsize 1000
nodata_value -9999
[rows 768 to 799 of 866, columns 219 to 291 of 643]
866.33 881 858.46 884.51 864.59 854.29 840.7 813.1 754.59 665.12 772.64 779.86 805.06 771.35 742.57 729.19 609.42 687.47 732.92 791.21 781.07 725.98 746.5 695.08 712.65 688.37 672.89 615.14 578.77 568.93 558.49 555.71 543.77 542 542.44 538.23 528.14 529.46 561.03 547.45 567.97 566.45 615.05 608.04 604.58 588.28 578.48 582.08 582.99 584.92 582.24 607.12 600.05 587.13 577.79 574.89 571.42 566.68 570.01 560.52 520.16 521.3 522.17 536.78 548.55 562.66 528.57 556.83 584.32 572.64 586.2 555.79 567.63
907.55 866.15 894.37 881.65 856.07 847.75 844.97 809.49 781.68 667.49 642.13 704.3 788.39 788.9 727.87 661.85 654.87 621.25 729.06 752.28 769 730.41 720.47 689.97 687.34 696.33 627 591.63 569.06 570.61 562.92 551.22 557.62 545.48 542.58 531.84 529.51 541.87 570.02 571.11 557.56 548.97 568.01 593.69 596.6 602.12 593.92 591.24 610.33 596.27 602.89 602.21 598.51 594.36 593.94 586.67 580.56 587.67 587.07 586.23 521.57 524.83 564.08 574.2 574.68 544.28 553.55 561.51 585.42 591.32 586.62 564.28 569.88
882.71 870.88 851.48 882.46 872.79 832.58 822.47 798.33 789.29 743.39 640.23 774.51 759.63 741.92 760.21 656.09 686.35 610.11 678.95 757.94 723.42 710.25 688.23 682.86 626.96 650.69 644.47 577.37 580.13 572.77 565 561.56 572.78 552.41 532.31 530.95 530.35 571.7 577.66 580.53 574.89 553.8 572.57 590.01 592.67 583.92 603.05 596.24 604.8 588.24 646.14 633.19 631.35 620.55 601.31 580.7 592.19 598.32 594.13 584.62 565.91 524.58 575.31 581.29 580.2 563.47 581.67 554.02 548.92 584.6 595.63 570.72 572.7
865.17 890.26 833.28 872.13 846.04 832.51 793.01 795.76 789.76 797.36 736.28 673.09 758.9 790.08 686.82 659.59 672.45 609.71 728.46 689.28 661.64 664.1 638.76 663.1 667.46 664.67 621.01 591.71 600.45 581.06 584.28 572.08 584.07 592.17 534.73 532.85 535.21 578.13 584.08 579.84 576.95 570.47 563.24 581.23 580.01 605.68 601 600.28 592.31 582.23 624.08 618.09 619.07 644.67 609.53 596.88 615.88 595.7 588.59 578.39 551.22 527.14 602.2 580.86 593.65 584.6 603.66 580.18 559.28 570.28 596.11 559.15 578.92
878.43 840.14 849 831.37 812.43 798.32 788.02 794.49 780.01 790.52 734.61 687.8 652.44 726.17 717.67 709.57 686.46 607.44 707.17 680.64 652.37 639.37 615.33 590.29 691.14 667.09 600.59 612.92 612.12 603.4 597.48 564.74 574.38 533.2 535.09 533.47 556.12 579.42 589.02 588.39 576.16 555.83 589.08 589.32 601.91 580.67 597.34 610.41 581.66 586.92 629.64 628.28 630.04 621.43 609.51 599.98 583.51 592.72 579.22 596.03 527.47 560.91 593.41 616.85 603.25 583.64 607.3 600.31 561.35 577.93 597.03 555.81 580.96
858.5 860.81 845.68 830.42 785.7 808.73 766.46 780.79 683.24 753.61 732.63 708.01 668.85 671 722.55 693.32 629.51 699.41 613.31 610.63 603.53 640.3 592.29 621.45 629.73 637.34 584.17 601.18 611.36 614.71 599.73 598.1 553.6 538.05 536.86 536.18 574.45 588.65 598.71 595.42 580.78 592.72 563.44 603.94 615.76 580.68 594.65 590.91 579.28 585.62 623.24 630.47 623.82 615 591.61 579.92 593.85 598.45 594.41 592.68 531.53 597.7 605.47 602.92 607.59 609.94 608.97 574.42 577.71 579.52 605.25 556.68 578.34
843.92 827.04 813.83 803.57 785.24 700.58 635.57 745.33 695.51 698.83 749.76 701.76 598.14 694.44 705.24 651.25 646.11 647.02 649.59 640.09 639.69 632.16 587.78 614.32 601.92 585.78 588.15 586.52 595.59 599.92 606.14 603.43 539.69 539.28 538.06 541.6 551.73 588.83 600.02 606.49 599.22 603.6 565.96 603.73 606.58 585.57 591 579.33 579.23 579.2 597.4 616.72 616.8 593.37 595.72 585.59 586.5 578.97 584.49 533.48 532.68 557.59 586.23 602.79 634.86 622.27 612.02 583.09 591.94 593.01 604.98 562.09 595.75
859.37 833.1 813.6 799.25 606.68 726.72 590.84 665.9 641.84 586.74 736.86 713.33 630.87 624.77 674.22 662.96 572.51 577.51 573.98 641.71 636.31 625.16 639.33 627.85 629.33 593.48 571.43 626.08 611.57 599.74 579.12 592.74 541.28 541.34 540.11 541.68 579.73 586.29 601.78 600.87 601.98 610.53 585.62 591.86 591.04 582.39 580.35 579.28 578.51 579.35 598.57 605.73 610.09 613.88 575.8 586.97 561.93 560.73 581.97 582.38 546.41 535.05 580.81 604.93 641.71 616.22 637.33 579.27 614.5 608.36 611 575.1 606.04
784.62 811.48 792.33 595.78 790.38 772.95 803.34 687.39 692.1 583.82 580.84 631.19 623.03 619.18 574.89 573.89 571.48 636.97 567.4 601.23 632.14 588.32 631.82 604.01 622.17 618.15 587.18 616.35 625.29 602.55 605.48 544.73 542.84 543 559.93 544.82 582.23 601.47 595.48 607.56 604.82 621.36 605.61 591.51 588.36 579.67 579.72 579.1 578.94 580.81 607.63 614.06 608.54 602.84 569.98 581.43 590.43 580.14 577.54 586.27 573.89 578.4 538.06 544.87 577.76 635.9 625.93 627.37 623.02 621.27 620.78 610.32 614.99
813.67 667.96 647.28 813.4 804.87 803.11 781.01 716.64 706.39 722.12 633.56 610.4 639.46 682.12 632.74 583.03 622.56 650.39 645.67 613.31 573.61 584.96 577.32 561.33 567.69 554.77 551.41 570.66 549.04 547.04 547.02 544.51 545.02 544.57 563.05 553.95 585.7 594.36 591.06 591.32 594.7 616.11 598.15 583.86 584.02 580.29 579.74 579.31 578.99 579.17 603.52 611.54 591.75 606.98 573.08 587.74 595.2 581.49 557.03 588.77 582.95 554.09 541.12 547.73 605.69 651.28 637.42 620.31 639.72 634.31 628.74 617.01 591.58
678.2 710.88 824.12 810.82 774.78 796.12 761.54 722.65 744 708.7 706.24 678.72 659.5 653.14 594.78 615.06 640.69 641.83 649.05 631.42 618.68 616.86 595.52 605.46 558.43 555.9 555.13 552.91 550.61 549.18 549.05 548.13 546.76 554.07 572.08 584.72 557.48 601.29 596.7 588.43 609.1 618.37 588.65 593.49 590.87 598.99 587.4 588.82 579.51 580.3 580.87 599.29 583.85 586.37 580.18 578.22 591.35 596.67 591.43 597.86 588.18 538.6 540.69 555.59 593.64 652.79 642.96 611.66 650.85 643.56 633.49 628.42 593.15
758.89 836.66 822.59 845.77 809.98 794.83 763.34 736.63 733.56 723.56 675.68 684.49 664.82 661.29 607.64 645.05 641.84 617.21 623.18 626.71 614.19 638.13 618.3 597.01 601.74 559.51 559.78 557.88 554.97 553.48 552.55 550.69 562.96 591.36 560.91 600.03 558.84 596.19 591.8 577.08 602.61 619.43 610.61 608.59 629.49 620.43 621.33 581.48 581.08 580.32 581.05 584.97 597.06 607.93 579.57 570.98 589.47 602.15 591.53 604.31 598.2 539.29 611.71 647.51 551.41 634.66 646.38 619.33 650.1 661.36 602.65 636.79 625.52
848.74 856.93 795.53 821.76 819.43 789.51 770.78 732.71 710.49 690.9 684.98 673.71 651.8 646.95 642.77 657.8 643.67 631.9 614.18 611.19 609.46 625.6 609.87 616.07 563.92 563.53 605.99 571.67 558.6 557.34 556.69 596.85 597.92 589.4 569.6 580.06 570.05 566.23 572.88 582.38 603.6 625.19 610.66 600.98 613.1 643.89 628.68 585.54 583.58 580.69 580.27 582.41 598.91 618.62 572.84 571.42 611.98 620.64 589.5 588.8 542.99 565.25 649.34 630.21 556.63 645.63 649.08 653.03 643.36 650.58 638.8 646.57 611.55
847.64 849.2 821.23 815.56 753.41 734.25 710.46 699.28 692.79 679.09 663.91 659.67 652.38 653.69 645.59 655.91 653.28 631.86 608.68 611.72 573.42 576.22 568.47 568.33 566.35 600.53 599.25 594.27 562.54 566.91 565.61 576.2 611.57 595.95 577.31 596 604.61 570.43 575.25 597.27 601.5 628.83 622.94 614.93 637.7 621.41 615.48 589.53 587.98 585.05 584.63 583.04 586.79 578.7 570.94 572.38 596.77 582.73 545.19 544.05 548.84 615.85 654.8 633.25 641.36 658.98 643.07 632.88 667.86 635.67 646.65 649.84 630.92
808.41 810.42 800.48 786.97 763.36 711.65 746.76 696.07 677.86 647.24 649.54 647.52 649.53 650.6 658.91 649.41 659.62 646.56 614.9 578.53 621.5 628.01 615.56 599.49 613.88 609.3 592.18 568.75 565.5 573.15 594.84 578.83 610.52 607.75 600.51 595.47 609.12 613.74 580.34 582.46 588.83 631.51 635.62 661.43 641.29 622.05 628.39 599.89 595.27 592.91 589.99 604.73 614.5 584.07 576.47 572.73 556.09 549.13 548.08 549.83 575.35 659.32 649.24 625.87 633.22 653.65 645.97 670.9 652.99 663.63 674.5 672.07 657.45
785.18 795.05 787.06 723.09 728.4 725.14 711 680.21 658.81 641.76 641.85 641.37 623.82 607.42 624.31 661.63 647.54 584.11 582.64 582.97 623.5 631.35 622.93 623.37 615.84 636.42 572.82 576.68 570.52 606.1 613.66 587.75 599.89 624.87 606.87 603.72 625.7 622.41 592.25 590.76 589.53 601.37 641.38 669.73 663.01 631.56 642.86 633.67 605.18 613.68 572.51 575.09 571.44 573.7 606.27 587.72 573.36 550.69 549.2 570.97 629.27 646.41 662.7 573.26 625.88 622.91 658.37 656.13 688.46 684.16 684.23 676.9 661.68
798.97 792.18 760.52 733.61 710.79 694.88 674.62 655.43 643.38 639.27 638.68 639.72 596.28 593.27 618.25 588.43 623.4 667.41 624.93 586.44 629.15 638.76 636.77 636.23 629.38 611.37 576.93 583.62 611.83 624.77 590.04 611.84 598.3 630.35 631.62 630.95 638.16 599.3 600.66 602.1 605.48 607.87 624.91 664.52 670.58 642.58 651.75 643.3 626.4 577.3 568.53 568.06 577.42 566.78 581.44 590.39 572.88 552.06 568.87 600.58 672.35 633.01 653.62 584.81 637.18 674.57 669.72 695.57 659.89 662.18 679.19 671.24 662.88
756.83 734.26 702.92 689.01 711.53 682.78 641.11 646.54 634.57 626.92 600.77 640.19 640.01 624.72 601.35 638.37 638.87 644.7 598.3 590.43 627.79 633.41 652.83 640.53 636.03 618.98 581.14 632.14 619.68 620.49 613.38 617.66 623.3 638.32 641.92 629.51 645.97 618.29 638.32 630.48 611.6 617.38 599.5 614.51 665.2 659.65 673.96 651.77 640.61 576.6 563.94 556.12 564.13 572.19 565.97 581.94 567.95 605.38 575.68 572.86 654.73 642.05 596.48 602.28 621.5 668.9 686.8 668.39 671.06 675.65 692.25 689.11 686.21
743.61 704.97 688.76 685.17 696.72 676 647.12 639.46 628.68 618.87 650.11 653.11 645.91 621.89 644.31 624.43 638.63 637.92 602.47 618.97 596.8 630.43 631.77 644.68 646.22 641.07 602.65 588.58 628.01 591.56 632.07 605.32 617.63 645.69 650.15 633.4 653.68 651.96 644.66 630.62 638.18 621.25 595.1 594.06 618.3 660.81 698.02 668.51 672.75 566.49 555.02 548.83 558.84 569.26 573.36 558.92 571.42 594.74 615.15 579.55 579.56 608.5 593.65 631.23 627.4 678.46 651.8 683.39 693.01 695.36 684.92 696.26 645.05
718.25 698.95 681.02 678.87 652.9 651.2 639.51 638.35 628.2 607.31 628.84 651.03 641.57 622.57 634.78 643.71 645.15 638.62 599.02 642.46 601.27 633.38 632.66 630.4 634.34 612.52 592.46 593.01 599.04 601.73 638.73 616.29 644.29 648.65 649.31 642.92 629.55 646.69 657.09 633.03 625.74 615.66 606.84 594.01 615.32 648.79 669.09 660.88 655.65 572.67 544.88 550.53 568.01 586.38 565.8 566.01 584.79 588.34 631.94 585.25 584.85 602.44 591.06 650.48 638.18 658.77 682.31 710.08 710.19 698.79 686.99 657.34 676.28
695.73 693.37 680.8 659.35 641.87 647.27 625.02 615.85 622.47 639.12 628.52 647.62 645.63 636.59 646.2 661.5 653.86 637.26 602.69 641.7 641.1 607.89 637.59 637.37 616.28 610.31 602.56 603.95 595.41 609.15 631.58 621.23 641.33 658.48 654.84 657.61 650.99 675.78 680.35 640.98 612.34 618.46 610.94 602.45 595.22 627.83 651.16 665.64 649.49 564.16 543.61 557.8 572.49 575.84 561.38 575.79 595.35 594.2 594.42 629.51 590.94 599.88 603.77 627.76 631.01 663.18 706.49 710.16 727.38 712.94 689.26 667.94 684.71
679.19 683.74 680.9 664.97 635.06 635.2 644.19 635.3 610.71 638.86 666 645.35 633.65 641.31 653.44 667.05 646.69 615.75 608.04 664.47 621.86 612.78 626.62 639.69 633.59 625.2 636.39 636.02 633.73 603.83 622.14 638.85 632.69 647.82 661.13 663.47 677 642.17 638.4 634.89 623 576.58 591.51 573.93 577.57 598.72 625.75 646.35 630.85 565.31 542.81 555.77 559.59 574.5 572.05 584.1 577.9 599.45 611.1 623.77 598.06 608.51 599.26 606.79 633.73 663.42 703.64 721.71 708.3 697.99 683.12 668.7 673.84
660.96 685.04 674.6 658.46 658.45 637.99 628.11 615.51 610.42 640.57 656.17 659.41 654.32 655.87 672.34 664.63 650.67 642.33 611.51 644.07 648.02 617.02 657.25 654.44 653.58 641.98 648.45 640.3 659.3 619.46 613.78 649.26 645 646.67 654.85 678.53 643.13 629.96 621.31 622.67 622.12 577.59 572.95 576.98 579.72 594.54 590.76 597.04 585.34 547.27 560.14 562.73 565.76 563.2 578.15 581.76 599.08 602.75 626.48 615.64 614.59 604.09 600.5 615.22 640.68 654.32 678.14 701.07 717.87 713.58 677.32 676.5 675.58
670.86 653.85 653.71 655.19 652.76 655.13 624.22 622.89 612.68 620.34 645.83 660.14 658.26 663.57 666.54 646.39 632.03 636.47 616.52 654 671.5 644.47 626.23 663.93 658.11 653.51 662.33 649.92 651.52 620.44 614.98 616.24 624.23 642.42 646.12 649.35 639.63 638.39 624.16 622.19 583.06 605.71 570.73 565.91 572.69 570.57 579.05 577.2 574.52 549.32 567.55 565.79 564.79 566.84 571.83 577.5 604.29 603.6 601.5 633.34 620.34 608.67 608.87 641.58 679.72 677.64 652.05 667.22 685.38 653.72 650.85 681.43 700.42
669.44 680.61 668.72 659.22 657.64 646.88 623.36 613.75 631.77 652.42 628.95 644.4 660.36 660.97 660.1 665.63 663.36 643.15 646.61 623.37 666.93 665.96 629.25 649.19 637.7 648.81 656.14 642.9 647.46 611.49 630.05 657.04 640.11 648.03 628.88 633.75 629.08 624.04 626.77 603 609.05 585.35 568.57 565.77 564.45 568.53 579.26 571.46 565.94 552.14 555.96 564.05 567.92 570.03 575.06 580.33 585.54 593.69 607.05 612.42 628.06 621.3 650.71 739.23 737.9 665.98 653.3 652.16 649.64 650.87 650.35 683.18 725.68
676.98 649.67 646.73 644.16 626.48 633.59 617 625.67 634.93 659.65 653.94 657.22 662.94 674.78 658.54 655.31 653.02 636.68 619.53 628.15 635.83 666.23 655.44 636.07 641.06 654.89 649.55 642.35 617.87 609.79 606.58 642.99 675.57 688.13 673.5 693.08 646.42 619.77 627.19 601.68 596.43 580.65 574.54 568.32 565.87 563.31 567.87 580.23 577.22 555.97 567.31 516.89 566.76 570.36 577.04 576.49 581.77 586.24 586.85 615.49 637.18 633.59 716.21 751.34 722.83 652.69 654.22 653.02 651.51 649.17 693.23 693.25 736.8
673.81 664.18 640.59 661.7 612.7 625.47 619.74 628.71 630.53 647.09 648.89 650.07 663.99 667.87 695.08 664.26 681.64 657.58 634.71 689.29 680.34 676.19 641.09 687.81 689.59 662.81 640.24 619.95 616.84 610.6 610.15 608.21 644.15 662.65 667.56 695.95 714.61 636.28 598.49 623.73 587.88 578.71 574.07 565.55 568.47 571.2 575.23 583.75 555.85 568.48 562.52 541.42 566.32 573.59 575.79 579.51 611.19 621 596.66 632.63 645.84 674.48 745.25 728.64 658.13 651.78 650.99 648.83 648.94 681.81 714.76 755.89 729.32
668.91 637.45 638.19 571.95 625.44 631.75 632.79 640.38 644.27 661.81 663.75 668.07 659.47 659.02 660.16 645.48 629.71 627.6 628.42 667.96 701.34 672.91 646.16 679.88 683.58 673.48 715.54 644.76 613.4 608.88 609.76 607.14 610.09 627.08 638.94 649.75 662.12 641.11 601.03 595.58 585.72 581.13 576.45 567.19 570.56 575.16 580.27 579.62 528.15 544 556.76 541.82 547.74 576.63 581.22 584.19 613.6 635.63 634.6 643.58 655.32 693.89 735.68 666.58 654.51 651.15 651.65 676.64 653.71 698.18 730.22 722.62 734.79
662.47 593.26 629.41 591.42 592.9 633.94 639.62 628.91 634.68 660.84 671.23 670.28 673.25 670.72 637.1 630.91 628.1 632.86 670.65 695.69 711.63 702.01 687.39 659.7 658.05 699.54 703.55 735.11 680.85 611.97 610.81 607.78 607.72 610.23 615.37 635.46 633.53 650.61 660.5 593.11 593.81 579.99 570.31 571.38 572.89 580.31 581.6 552.93 514.65 522.25 539.68 569.33 574.8 574.87 581.1 583.57 631.99 615.94 621.25 636.19 665.5 694.22 693.5 663.4 655.45 656.64 661.45 712.66 650.88 678.39 707.19 689.65 708.07
602.46 579.79 563.13 600.1 661.1 652.79 675.03 663.74 633.29 663.37 668.35 665.3 683.07 648.21 639.79 637.63 633.35 607.04 652.36 679.46 692.86 687.64 694.44 698.56 665.34 694.28 725.87 735.82 752.2 660 612.28 608.87 614.42 610.5 614.15 612.68 631.12 639.55 669.02 598.96 586.04 585.96 577.52 572.72 583.38 578.96 584.13 498.32 493.27 501.85 487.45 558.67 568.15 583.02 603.83 593.69 610.31 630.47 629.19 636.63 679.89 691.56 671.79 668.51 660.2 663.97 708.26 739.71 700.15 645.38 650.87 656.01 682.25
602.49 543.98 634.67 657.25 620.96 628.42 655.55 642.01 656.97 646.95 654.11 674.31 695.94 648.84 640.83 611.64 619.49 605.06 620.66 638.55 611.9 648.11 698.59 692.12 673.61 682.14 678.62 736.76 734.16 733 646.89 615.02 612.59 616.23 718.97 652.11 619.44 629.23 642.08 661.38 583.14 577.75 573.23 578.64 579.15 580.84 570.15 462.31 465.99 463.24 523.4 551.86 556.41 598.11 597.89 588.46 605.94 605.49 646.32 643.77 686.8 678.04 673.13 668.03 668.01 670.32 736.08 762.35 708.83 648.71 645.03 669.72 762.41
583.47 536.93 582.77 572.86 616.18 564.44 576.38 571.26 627.4 610.44 681.88 664.61 689.07 652.89 641.71 606.84 594.06 580.17 573.54 644.4 677.22 669.02 685.07 734.04 714.9 718.8 714.45 698.61 691.75 707.67 686.61 636.75 618.76 613.88 635.53 664.94 652.19 646.21 663.67 636.26 596.27 606.29 581.37 587.15 580.82 586.95 540.44 447.75 455.78 461.36 506.47 533.98 552.96 580.63 583.48 590 592.16 602.84 621.19 632.8 709.06 684.97 678.76 677.83 666.91 675.81 724.5 749.51 700.92 646.09 644.35 662.33 758.95
