Lernmaterial/Dateien/data/dgm-1000m.asc
ncols 643
nrows 866
xllcorner 279500
yllcorner 5235500
cellsize 1000
nodata_value -9999
[rows 544 to 575 of 866, columns 219 to 291 of 643]
112.71 115.67 116.11 112.6 112.9 116.7 125.16 126.46 132.17 134.53 135.43 165.13 189.68 183.34 200.75 176.32 196.46 263.91 326.56 226.97 336.44 327.99 197.73 231.74 251.18 239.21 294.36 390.06 457.54 461.22 470.41 416.86 470.25 419.08 404.84 408.92 408.3 445.79 477.38 407.17 368.36 326.35 349.56 294.56 328 340.05 377.55 217.75 239.19 333.07 420.87 344.2 344.33 187.7 330.75 329.92 292.84 324.49 363.66 348.18 322.48 281.86 302.93 277.32 271.7 250.91 206.62 347.88 351.63 361.53 251.19 298.33 226.5
112.63 112.01 114.82 112.91 120.12 161.26 173.12 147.9 133.75 148.26 141.71 151.38 169.97 209.78 223.85 249.82 271.85 394.38 344.72 262.08 377.06 332.67 224.98 339.52 252.96 277.96 286.35 257.52 313.69 360.75 509.31 441.54 390.44 399.03 406.51 427.34 434.02 459.77 499.21 428.92 425.83 397.9 316.22 261.01 221.7 208.65 249.66 264.81 225.17 288.17 406.06 380.04 308.21 264.2 290.53 304.18 337.72 319.34 331.95 302.31 277.05 228.4 286.27 242.93 236.87 198.18 331.72 272.91 285.34 276.12 236.86 251.79 209.36
109.93 114.21 116.51 124.51 156.65 218.67 192.98 210.47 151.13 142.71 155.37 154.33 190.38 213.1 251.47 281.5 330.68 470.74 434.87 389.33 437.62 383.08 301.88 339.05 392.4 268.41 332.67 431.7 362.84 361.32 511.57 482.74 481.97 404.51 483.28 510.14 464.61 500.55 480.75 402.73 383.6 352.04 246.08 276.44 347.52 348 263.87 217.59 186.18 417.36 395.34 304.36 176.42 334.53 310.63 286.56 305.6 309.08 325.29 262.19 262.66 257.73 301.08 237.09 191.39 295.71 233.85 309.33 263.4 184.69 189.73 195.81 207.52
107.97 111.64 117.04 128.88 150.8 180.18 213.7 214.02 176.75 157.14 164.3 186.89 173.7 211.81 205.33 256.67 280.05 359.68 313.71 448.92 446.13 407.58 406.27 364.59 396.93 430.74 424 359.14 431.86 491.96 456.4 437.18 492.4 473.63 506.11 472.61 473.89 500.17 430.82 402.73 396.35 292.09 376.4 378.36 376.99 372.11 370.78 272.55 200.17 363.97 393.9 364.95 310.6 266.74 272.48 214.31 309.51 334.5 311.48 272.47 218.16 231.03 251.33 192.87 256.8 234.32 308.86 242.82 232.71 188.37 220.04 210.22 243.98
108.04 110.56 115.58 127.3 190.76 225.13 212.24 234.59 187.11 171.55 178.51 182.9 191.37 264.86 293.94 315.55 321.38 320.73 276.73 303.3 413.94 360.73 358.83 408.54 432.93 444.55 465.27 446.64 429.86 475.5 446.37 372.5 466.95 514.32 431.79 360.14 372.01 469.67 476.99 429.54 420.2 314.54 445.71 436.42 354.94 368.27 312.62 255.44 175.5 357.42 402.24 355.25 342.97 247.66 235.11 164.65 284.43 306.48 284.93 200.26 177.27 174.15 173.46 179.91 216.25 297.7 325.4 179.82 185.59 188.83 212.92 280.12 336.57
108.88 110.18 115.13 124.94 146.17 184.17 236.61 217.05 198.35 167.47 185.31 202.12 286.41 305.48 317.91 268.67 309.58 322.6 262.35 278.15 315.42 392.36 256.53 294.9 310.96 407.13 481.29 402.44 473.3 477.02 504.95 445.33 368.24 440.11 410.4 367.7 473.33 462.84 510.64 460.08 388.93 405.63 398.24 341.88 291.08 358.48 388.55 308.29 176.06 330.4 391.82 350.69 322.92 278.91 173.84 293.91 210.97 265.1 184.38 221.12 353.87 202.15 191.62 176.57 175.63 196.83 182.6 192.66 187.09 278.58 266.53 319.31 326.5
109.59 110.1 119 119.91 131.46 171.23 215.92 203.65 196.71 151.04 196.49 244.81 305.84 232.16 260.17 299.56 270.14 256.81 254.66 318.16 289.35 249.14 259.85 370.86 391.01 438.25 471.78 395.78 434.42 489.14 478.86 467.7 362.08 334.81 289.36 399.1 478.88 500.86 538.05 430.94 395.4 480.41 466.47 399.39 332.17 297.61 350.2 255.54 213.25 283.11 391.17 317.37 203.9 166.33 323.17 342.89 279.87 189.27 306.7 344.8 368.47 271.92 231.64 256.41 210.37 176.98 178.17 206.58 228.95 318.89 272.87 357.17 355.92
109.33 111.51 114.45 118.3 129.58 149.83 185.7 164.73 140.7 146.22 269.81 264.95 261.51 263.12 299.46 305.94 304.46 259.05 254.15 267.13 224.8 267.16 289.66 441.22 436.42 435.62 482.57 460.43 404.27 483.56 467.99 448.53 437.41 433.98 270.76 328.49 453.17 564.87 548.82 507.83 486.96 462.49 396.81 370.85 359.39 363.37 228.23 208.86 168.47 314.28 349.71 373.31 339.81 161.14 234.72 331.08 333.07 275.89 287.38 399.47 291.29 216.68 219.33 274.98 344.54 272.12 299.31 274.8 283.81 324.06 341.84 326.08 328.29
106.75 112.69 112.12 116.6 120.21 129.22 178.56 165.63 164.29 295.04 231.56 156.15 269.83 288.52 316.38 313.38 282.58 256.63 232.65 216.61 279.54 270.9 413.85 345.5 454.74 478.51 457.88 471.78 423.76 426.79 397.95 452.18 385.18 353.97 272.93 370.95 454.26 451.38 502.7 418.35 423.39 482.95 460.99 419.24 357.81 242.71 226.73 234.23 244.87 170.91 401.61 376.26 309.33 201.65 203.5 356.91 336.33 322.51 319.68 315.89 314.76 263.38 303.84 285.86 309.64 294.98 330.12 291.73 326.38 350.17 306.97 303.82 327.91
108.32 105.6 114.74 118 113.19 117.95 123.71 151.09 220.64 322.86 314.82 216.86 158.18 322.39 290.85 292.37 261.21 289.45 239.54 223.08 279.33 360.9 357.23 463.71 459.13 507.38 454.05 410.09 357.25 381.28 433.91 406.86 416.36 306.48 249.65 359.06 430.77 477.12 521.57 449.93 369.44 427.95 432.13 342.65 394.01 339.57 373.07 345.71 237.2 162.36 315.3 379.3 158.42 278.02 286.56 316.71 310.97 308.61 281.25 321.3 366.56 302.41 340.27 325.36 280.8 317.32 302.34 307.56 328.89 333.61 306.9 292.98 274.88
101.7 108.52 112.32 112.75 115.15 121.55 151.25 202.75 285.36 388.78 311.63 225.06 179.21 245.84 319.39 320.03 239.77 231.95 195.22 224.42 286.57 406.61 472.81 496.6 511.74 459.27 470.33 457.14 472.93 421.99 345.91 422.54 333.05 359.61 264.26 384.6 354.68 456.66 496.47 358.05 372.08 339.45 475.3 345.69 304.42 366.47 315.26 368.51 269.57 225.64 158.8 297.94 221.36 234.18 283.44 291.54 316.56 257.83 246.74 320.66 393.35 291.26 272.42 293.58 291.33 279.44 294.02 303.16 321.41 292.65 324.63 268.01 283.6
107.62 108.96 110.41 107.1 115.39 121.58 149.53 204.58 304.8 342.16 357.25 287.86 228.49 167.86 176.65 256.14 267.94 194.76 221.46 255.81 275.92 253.57 336.35 378.4 513.71 431.02 452.97 471.38 446.14 389.46 390.8 397.9 384.63 281.23 325.37 258.09 327.41 418.52 350.74 489.56 431.22 281.8 421.85 358.53 268.3 328.04 287.89 229.33 176.82 183.61 156.71 155.19 259.57 283.18 322.91 297.77 277.85 257.84 242.93 296.11 329.01 282.34 250.65 253.63 251.45 330.93 284.45 301.88 281.04 299.47 299.12 266.8 324.65
107.3 109.17 105.73 106.81 111.34 118.75 153.49 236.63 290.54 351.46 296.14 255.81 221.33 267.06 172.22 175.55 192.52 212.67 291.33 316.37 427.39 427.65 422.96 387.28 443.03 474.54 404.3 452.62 434.06 396.1 387.57 330.48 392.71 335.88 304.68 301.3 224.31 318.89 269.61 335.88 453.95 344.35 241.9 232.56 248.17 277.23 202.15 152.73 183.24 154.05 152.7 274.9 345.78 329.42 306.67 285.17 263.41 234.71 263.55 349.43 328.87 281.3 268.02 259.52 315.63 305.79 288.11 274.54 317.4 263.12 260.68 309.24 309.01
107.96 110.13 111.76 110.75 111.54 112.49 149.67 310.6 361.09 349.59 324.91 269.83 200.35 285.41 273.07 195.07 288.09 301.55 322.89 306.01 316.09 478.13 387.37 486.01 380.08 438.15 362.03 392.14 395 419.65 390.83 324.37 349.65 379.18 360.24 317.72 339.38 277.59 226.4 310.48 419.5 409.91 427.43 385.67 438.17 428.95 453.02 276.38 208.51 401.38 343.5 156.41 189.48 317.06 313.7 286.42 253.66 228.35 296.42 304.18 316.08 280.48 324.23 265.43 309.54 303.75 271.99 291.38 318.86 304.42 243.75 308.12 286.05
109.68 109.57 110.02 106.44 109.72 111.21 139.9 245.48 285.52 349.91 274.48 278.76 283.21 328.08 299.81 259.27 215.77 240.97 278.4 236.69 290.38 325.45 322.86 392.66 451.66 332.89 424.1 326.82 385.08 368.64 365.99 321.44 310.6 310.81 283.72 207.58 214.43 217.29 186.07 272.05 462.44 346.26 502.55 518.79 491.82 423.32 381.92 210.06 200.32 380.64 365.59 324.94 177.72 216.24 267.08 280 247.22 212.66 286.2 294.74 256.66 283.8 289.79 286.45 287.04 280.93 246.4 264.74 305.54 282.27 269.7 289.73 273.28
111.51 111.28 111.32 111.17 110.34 111.83 129.5 198.3 220.47 365.59 311.8 360.35 324.11 257.24 216.05 221.1 255.82 278.08 262.19 227.43 253.56 244.83 394.59 302.68 402.59 403.12 284.67 338.21 273.18 305.14 365.95 290.34 238.41 350.63 243.36 351.13 346.25 266.78 299.2 177.97 331.85 320.58 429.03 465.86 353.29 334.58 236.04 158.7 156.53 355.2 346.25 326.93 291.34 152.79 161.14 200.24 206.27 207.98 302.7 198.46 309.16 254.63 297.72 236.25 291.76 212.22 265.89 310.67 288.88 280.34 250.55 270.75 273.68
111.6 112.07 109 113.54 110.63 113.61 117.61 203.75 285.39 269.96 320.81 316.61 274.01 209.27 205.18 185.43 201.45 176.28 208.34 199.34 240.85 294.41 270.97 254.15 335.98 354.18 384.03 423.57 348.84 256.2 358.89 357.33 308.15 249.01 337.36 391.79 294.54 371.16 481.63 410.67 170.54 324.38 385.38 335.37 372.11 163.51 181.01 351.65 316.35 313.83 305.52 320.57 152.87 267.17 198.3 184.04 188.36 173.72 218.54 280.78 264.75 229.47 229.16 264.77 201.05 236.01 297.96 297.6 281.85 257.25 237.2 263.18 277.58
120.86 113 113.55 108.54 109.42 113.41 126.16 185.74 253 231.4 255.81 242.67 234.84 206.56 232.2 165.85 177.05 178.73 215.43 186.29 207.29 193.83 181.51 187.68 194.93 231.02 281.62 373.69 319.21 286.49 251.49 274.68 321.46 274.1 307.74 404.86 422.39 477.18 454.49 438.82 270.44 163.64 290.8 199.61 177.7 166.75 255.77 302.22 279.61 259.75 287.29 255.85 167.87 291.47 272.17 287.55 260.28 194.53 191.24 271.02 235.4 231.06 228.7 254.57 273.36 300.48 321.81 313.23 280.17 245.02 226.08 260.96 229.06
134.84 126.8 115.65 113.73 109.17 108.68 112.27 140.6 143.27 226.33 204.93 230.21 192.82 213.64 182.11 146.42 141.38 143.67 155.85 171.54 207.24 197.09 233.57 301.6 284.89 333.56 381.27 358.57 443.66 364.47 386.44 296.78 310.76 417.79 422.25 404.11 511.45 523.79 514 406.72 397.31 160.93 172.36 153.62 233.95 244.21 276.2 310.31 290.54 222.34 256.08 310.04 159.1 171.01 214.38 194.68 237.39 279.66 176.78 173.39 246.8 292.17 290.05 326.66 306.73 327.77 283.59 293.18 268.69 253.94 256.99 264.04 276.82
129.03 128.81 128.36 130.26 128.17 112.4 113.71 118.26 146.6 154.72 142.86 148.39 192.28 137.09 132.82 152.86 183.41 198.7 200.54 165.32 236.68 383.97 377.13 268.14 379.87 387.57 269.81 355.13 430.19 380.48 379.23 290.21 356.01 400.9 515.2 546.6 512.44 458.37 464.72 448.68 371.49 182.54 156.27 168.41 266.73 261.59 301.3 308.92 283.77 254.4 239.52 280.22 234.6 202.41 164.8 158.68 277.38 288.12 276.24 175 295.1 322.68 329.56 322.59 314.86 294.54 277.33 274.93 272.43 230.55 304.08 241.93 281.54
121.21 121.07 121.59 125.88 124.83 112.65 109.6 115.82 115.54 116.45 136.49 129.5 127.98 137.74 154.4 294.73 257.23 177.82 239.58 169.06 167.63 227.58 384.02 356.11 443.92 422.07 413.49 453.55 455.78 456.22 457.54 372.49 459.79 451.47 441.32 454.49 441.45 369.1 402.24 413.82 215.46 320.45 156.09 151.37 205.49 278.24 222.21 291.84 284.23 317.22 250.84 273.88 292.5 206.89 183.3 168.8 165.09 288.24 259.24 193.51 248.55 256.36 315.02 312.49 302.69 257.46 274.04 243.09 272.26 204.43 244.23 252.14 279.49
119.37 117.84 116.66 114.99 112.87 112.42 117.17 109.54 110.3 109.27 114.42 109.26 135.2 156.28 218.47 210.16 285.66 233.51 276.59 215.5 219.91 204.21 185.39 256.6 253.02 321.9 390.35 464.96 455.54 397.56 415.65 445.95 448.72 482.86 467.52 506.75 486.35 456.56 375.97 395.19 355.85 271.16 166.11 151.66 212.84 318.47 273.78 269.63 281.29 305.13 292.67 251.4 297.67 299.36 230.83 185.64 162.05 229.7 230.79 194.35 205.52 295.97 297.26 300.7 272.88 256.92 278.06 274.82 201.8 204.24 210.31 219.08 246.8
122.76 123.33 121.86 121.64 133.67 131.77 117.81 118.76 115.23 116.56 114.85 109.05 141.18 169.33 208.95 276.89 264.01 286.28 243.4 182.55 212.14 234.88 329.35 262.57 322.34 370.23 373.54 450.03 409.74 357.85 420.18 454.29 384.22 425.83 404.45 403.79 426.81 442.09 464.09 367.42 413.74 355.92 349.99 206.45 159.7 295.25 310.31 286.24 279.07 285.62 276.66 257.88 276.4 300.85 301.76 286.74 162.99 190.12 275.72 226.24 188.52 231.08 325.42 266.51 229.4 258.1 196.72 232.9 270.22 283.5 255.88 310.48 254.89
128.67 125.9 127.8 131.02 139.48 128.99 118.94 117.52 118.48 116.62 111.38 132.18 159.72 159.15 181.47 261.73 259.91 245.55 190.65 214.91 339.5 242.08 380.27 280.44 284.05 349 437.8 411.3 433.19 328.37 453.99 440.13 296.63 396.72 386.21 299.86 443.2 455.03 522.41 459.23 468.25 426.75 401.75 245.5 147.49 323.11 323.68 293.14 268.54 285.55 294.1 272.33 300.11 309.62 301.91 221.41 162.98 198.3 280.98 280.7 184.23 287.83 261.31 270.17 278.25 194.91 328.74 338.29 343.65 345.19 361.01 330.04 289.53
132.87 133.38 137.27 137.94 131 127.16 121.1 119.73 119.84 109.36 115.15 147.98 250.98 173.7 198.26 216.47 257.94 278.86 339.59 210.5 331.89 362.27 393.61 394.89 335.08 362.77 474.5 427.98 356.49 308.28 433.25 404.57 353.3 250.94 243.73 274.17 297.66 403.33 531.03 481.21 433.56 382.86 377.99 199.14 164.96 305.03 291.08 299.04 284.47 291.51 287.35 269.36 280.2 297.12 270.99 242.28 218.25 160.88 264.57 300.65 186.56 187.05 242.04 193.86 223.69 257.56 232.77 302.55 343.25 318.5 332.76 337.09 306.88
137.59 135.85 141.73 134.51 129.55 125.12 122.2 124.04 119.23 109.91 115.85 150.7 198.9 190.57 183.81 246.88 282.44 287.84 338.7 240.47 307.39 318.41 373.9 419.26 427.86 439.95 420.1 425.81 425.38 408.37 322.51 376.09 306.85 325.59 362.35 368.86 226.4 284.19 513 440.66 439.94 338.61 186.96 175.71 347.51 297.88 301.38 319.32 288.59 282.38 326.2 284.72 284.27 293.45 284.3 236.56 264.56 196.02 168.1 238.69 253.96 299.03 253.94 219.12 307.59 332.83 364.89 366.28 321.55 308.57 338.14 328.05 321.79
143.01 146.56 143.54 134.98 137.44 129.26 126.8 124.54 120.04 121 114.49 121.14 167.49 154.44 210.47 222.12 297.13 267.19 357.6 381.03 297.83 342.07 298.47 336.68 393.5 456.6 433 395.54 391.3 392.09 382.41 333.49 392.9 373.14 497.56 349.57 304.3 233.63 341.43 467.74 259.41 203.4 152.78 329.51 358.61 327.03 335.73 308 295.19 282.06 339 302.62 294.61 284.68 326.02 262.4 286.78 228.1 184.26 165.5 271.44 272.19 294.13 299.58 280.35 307.9 345.81 353.66 334.33 293.7 301.66 325.44 328.44
159.13 160.26 147.94 151.69 153.46 143.54 136.91 127.58 121.11 119.99 122.23 115.65 124.03 156.51 157.72 203.1 166.45 327.56 286.44 406.15 421.56 355.05 301.75 395.12 433.29 482.29 477.35 416.75 379.75 332.74 393.61 464.19 465.95 462.74 502.16 385.92 418.53 204.58 257.99 451.89 413.71 356.41 215.96 194.35 257.63 309.29 333.54 315.04 320.79 297.68 330.97 313.49 282.35 323.6 312.93 318.7 284.87 254.72 201.23 167.12 221.14 223.21 269.85 336.97 316.31 272.87 326.64 335.62 317.33 297.08 311.63 339.38 340.49
209.78 189.39 179.06 187.69 155.25 138.95 153.85 137.46 122.14 122.34 120.69 118.12 136.13 128.63 136.43 253.95 194.22 220.15 387.36 353.43 401.17 331.53 272.64 396.39 338.03 453.06 437.16 448.6 397.17 420.78 380.88 421.51 545.6 422.65 397.81 529.86 455.58 334.64 241.11 238.35 359.78 318.14 236.36 148.06 302.83 279.58 346.34 309.15 345.12 308.91 308.44 319.83 298.91 308.32 320.7 316.81 289.47 291.23 242.05 166.65 176.5 276.03 266.71 227.2 240.49 311.3 364.99 323.68 316.46 313.09 342.87 313.83 342.57
214.01 236.05 226.83 171.78 157.71 145.41 206.41 157.91 145 121.97 121.92 121.39 134.2 193.11 218.25 215.33 249.51 245.47 305.82 275.05 334.67 373.61 361.84 325.17 399.67 446.38 409.69 398 462.43 447.56 408.05 480.43 572.6 432.19 405.52 369.48 484.08 420.74 324.49 397.77 251.69 339.85 300.22 167.56 280.07 268.83 257.49 322.69 320.1 281.37 266.66 281.03 266.95 284.22 275.76 266.64 275.24 263.1 202.23 172.99 161.79 257.74 276.82 329.32 365.31 341.28 335.98 281.35 304.79 337.94 297.52 344.74 359.91
216.63 236.94 202.13 186.96 149.17 171.54 213.42 225.83 233.31 141.51 121.46 114.55 113.65 187.02 233.13 233.96 226.41 270.21 195.54 257.67 281.67 324.76 300.57 254.72 290.09 429.46 407.17 416.41 443.43 448.44 482.32 547.95 433.22 523.11 515.08 474.34 422.28 367.12 446.94 406.44 361.06 203.95 289.95 240.17 208.83 203.07 261.02 254.78 286.19 255.47 255.06 286.16 252.73 272.87 278.38 254.01 285.55 223.38 195.1 177.39 172.45 165.8 339.48 319.78 356.71 379.67 347.36 315.29 266.75 337.6 304.74 327.25 345.97
266.21 190.35 174.18 167.85 177.11 196.03 218.92 215.69 169.59 196.07 126.29 115.23 122.54 118.98 195.97 259.8 250.17 281.5 263.77 296.27 339.95 325.97 272.39 385.76 378.64 368.16 388.78 358.51 413.49 420.05 562 490.52 394.57 468.48 505.91 483.52 459.11 416.88 328.2 370.3 338.93 319.52 164.84 249.2 142.54 172.05 276.77 235.01 260.82 263.6 284.39 274.29 254.14 263.63 248.6 248.52 288.48 221.18 196.57 184.92 188.95 162.53 195.22 248.11 346.86 329.9 281.83 294.43 281.92 330.75 299.59 349.87 343.22
